11
NZ_CP061007.1.region035        0.0000000 0.0000010 0.2969686 0.1995419 0.2858973 0.2969686 0.6101493 0.0576143 0.6306965 0.6667953 0.0590578 
NZ_PJNB01000001.1.region023    0.0000010 0.0000000 0.2969686 0.1995419 0.2858973 0.2969686 0.6101493 0.0576143 0.6306965 0.6667953 0.0590578 
BGC0000513.region001           0.2969686 0.2969686 0.0000000 0.2856920 0.0452785 0.0000010 0.5980131 0.2942829 0.6356802 0.6259190 0.2939885 
NZ_JACHIW010000001.1.region016 0.1995419 0.1995419 0.2856920 0.0000000 0.2859277 0.2856920 0.6101082 0.1989437 0.6438632 0.6573806 0.2059243 
NZ_CP054839.1.region018        0.2858973 0.2858973 0.0452785 0.2859277 0.0000000 0.0452785 0.6109839 0.2868625 0.6324417 0.6096272 0.2869750 
NZ_CP069353.1.region025        0.2969686 0.2969686 0.0000010 0.2856920 0.0452785 0.0000000 0.5980131 0.2942829 0.6356802 0.6259190 0.2939885 
NZ_JACHIV010000001.1.region022 0.6101493 0.6101493 0.5980131 0.6101082 0.6109839 0.5980131 0.0000000 0.6124090 0.1909336 0.3247306 0.6193444 
NZ_CP031142.1.region003        0.0576143 0.0576143 0.2942829 0.1989437 0.2868625 0.2942829 0.6124090 0.0000000 0.6548832 0.6732985 0.0125799 
NZ_CP059557.1.region002        0.6306965 0.6306965 0.6356802 0.6438632 0.6324417 0.6356802 0.1909336 0.6548832 0.0000000 0.3032278 0.6502910 
NZ_CP059556.1.region003        0.6667953 0.6667953 0.6259190 0.6573806 0.6096272 0.6259190 0.3247306 0.6732985 0.3032278 0.0000000 0.6703531 
NZ_CP040605.1.region032        0.0590578 0.0590578 0.2939885 0.2059243 0.2869750 0.2939885 0.6193444 0.0125799 0.6502910 0.6703531 0.0000000 
