11
NZ_CP059556.1.region003        0.0000000 0.6673010 0.6607779 0.6292596 0.6292596 0.3314068 0.6673010 0.3064898 0.6737756 0.6708282 0.6103397 
NZ_PJNB01000001.1.region023    0.6673010 0.0000000 0.2027633 0.2994943 0.2994943 0.6075718 0.0000010 0.6360617 0.0573003 0.0587344 0.2884283 
NZ_JACHIW010000001.1.region016 0.6607779 0.2027633 0.0000000 0.2850240 0.2850240 0.6024080 0.2027633 0.6408232 0.2010681 0.2080358 0.2854109 
NZ_PDBV01000001.1.region023    0.6292596 0.2994943 0.2850240 0.0000000 0.0000010 0.5940522 0.2994943 0.6339587 0.2968125 0.2965183 0.0452367 
NZ_JABNNH010000001.1.region020 0.6292596 0.2994943 0.2850240 0.0000010 0.0000000 0.5940522 0.2994943 0.6339587 0.2968125 0.2965183 0.0452367 
NZ_JACHIV010000001.1.region022 0.3314068 0.6075718 0.6024080 0.5940522 0.5940522 0.0000000 0.6075718 0.1961902 0.6098207 0.6167138 0.6044286 
NZ_GL877879.1.region013        0.6673010 0.0000010 0.2027633 0.2994943 0.2994943 0.6075718 0.0000000 0.6360617 0.0573003 0.0587344 0.2884283 
NZ_CP059557.1.region002        0.3064898 0.6360617 0.6408232 0.6339587 0.6339587 0.1961902 0.6360617 0.0000000 0.6571651 0.6525858 0.6270859 
NZ_CP031142.1.region003        0.6737756 0.0573003 0.2010681 0.2968125 0.2968125 0.6098207 0.0573003 0.6571651 0.0000000 0.0125140 0.2894166 
NZ_CP040605.1.region032        0.6708282 0.0587344 0.2080358 0.2965183 0.2965183 0.6167138 0.0587344 0.6525858 0.0125140 0.0000000 0.2895194 
NZ_CP054839.1.region018        0.6103397 0.2884283 0.2854109 0.0452367 0.0452367 0.6044286 0.2884283 0.6270859 0.2894166 0.2895194 0.0000000 
