9
NZ_GL877881.1.region003        0.0000000 0.3558851 1.5264044 0.0595317 0.0595305 0.3328346 0.0040754 0.2680660 0.0043912 
NZ_FOZX01000003.1.region003    0.3558851 0.0000000 1.4816384 0.3508726 0.3562882 0.2000086 0.3513535 0.4050106 0.3520056 
BGC0000943.region001           1.5264044 1.4816384 0.0000000 1.5227098 1.5236861 1.4621608 1.5265278 1.5543967 1.5281907 
NZ_CP040605.1.region017        0.0595317 0.3508726 1.5227098 0.0000000 0.0240406 0.3329032 0.0562729 0.2617633 0.0566436 
NZ_CP031142.1.region007        0.0595305 0.3562882 1.5236861 0.0240406 0.0000000 0.3365536 0.0562880 0.2676666 0.0566568 
NZ_JAGPXE010000002.1.region001 0.3328346 0.2000086 1.4621608 0.3329032 0.3365536 0.0000000 0.3287675 0.3782684 0.3293973 
NZ_PJNB01000001.1.region028    0.0040754 0.3513535 1.5265278 0.0562729 0.0562880 0.3287675 0.0000000 0.2636739 0.0003103 
NZ_JACHIW010000002.1.region002 0.2680660 0.4050106 1.5543967 0.2617633 0.2676666 0.3782684 0.2636739 0.0000000 0.2642410 
NZ_CP061007.1.region003        0.0043912 0.3520056 1.5281907 0.0566436 0.0566568 0.3293973 0.0003103 0.2642410 0.0000000 
