9
NZ_CP040605.1.region017        0.0000000 0.0566446 1.5228644 0.2617784 0.0562739 0.0240408 0.3329252 0.0595328 0.3508967 
NZ_CP061007.1.region003        0.0566446 0.0000000 1.5283462 0.2642563 0.0003103 0.0566578 0.3294190 0.0043912 0.3520297 
BGC0000943.region001           1.5228644 1.5283462 0.0000000 1.5545554 1.5266832 1.5238410 1.4623109 1.5265597 1.4817917 
NZ_JACHIW010000002.1.region002 0.2617784 0.2642563 1.5545554 0.0000000 0.2636891 0.2676823 0.3782949 0.2680816 0.4050406 
NZ_PJNB01000001.1.region028    0.0562739 0.0003103 1.5266832 0.2636891 0.0000000 0.0562889 0.3287891 0.0040754 0.3513775 
NZ_CP031142.1.region007        0.0240408 0.0566578 1.5238410 0.2676823 0.0562889 0.0000000 0.3365761 0.0595316 0.3563127 
NZ_JAGPXE010000002.1.region001 0.3329252 0.3294190 1.4623109 0.3782949 0.3287891 0.3365761 0.0000000 0.3328568 0.2000178 
NZ_GL877881.1.region003        0.0595328 0.0043912 1.5265597 0.2680816 0.0040754 0.0595316 0.3328568 0.0000000 0.3559095 
NZ_FOZX01000003.1.region003    0.3508967 0.3520297 1.4817917 0.4050406 0.3513775 0.3563127 0.2000178 0.3559095 0.0000000 
