18
NZ_JACCFJ010000001.1.region004 0.0000000 0.2425809 0.4609662 0.5398206 0.5729648 0.2141647 0.4291605 0.4324948 0.2425809 0.5408893 0.6156242 1.1119138 1.5549939 0.2496933 0.2496933 1.0702781 0.4324948 0.4346995 
NZ_FOUP01000002.1.region003    0.2425809 0.0000000 0.4430553 0.5585753 0.6063310 0.1544243 0.4125860 0.4201925 0.0000010 0.5053856 0.5687747 1.1044286 1.6371458 0.0506859 0.0506859 1.0592389 0.4201925 0.4198310 
NZ_JACHIW010000001.1.region012 0.4609662 0.4430553 0.0000000 0.4957726 0.5317010 0.4098315 0.2024977 0.1968679 0.4430553 0.5102369 0.5415932 1.1867996 1.6936317 0.4630857 0.4630857 1.0510058 0.1968679 0.1933687 
NZ_JAGPXE010000009.1.region001 0.5398206 0.5585753 0.4957726 0.0000000 0.2135856 0.5124931 0.5007382 0.5084752 0.5585753 0.1500880 0.2347963 1.1166775 1.7461114 0.5525317 0.5525317 1.1128263 0.5084752 0.4964716 
NZ_RSAA01000007.1.region002    0.5729648 0.6063310 0.5317010 0.2135856 0.0000000 0.5398238 0.5365855 0.5368345 0.6063310 0.2458477 0.2042056 1.1787509 1.7998303 0.6052790 0.6052790 1.1470926 0.5368345 0.5464314 
NZ_VWPH01000016.1.region001    0.2141647 0.1544243 0.4098315 0.5124931 0.5398238 0.0000000 0.3705327 0.3794733 0.1544243 0.4940711 0.5328415 1.1408665 1.6518873 0.1806383 0.1806383 1.1027753 0.3794733 0.3782649 
NZ_CP040605.1.region009        0.4291605 0.4125860 0.2024977 0.5007382 0.5365855 0.3705327 0.0000000 0.0468634 0.4125860 0.4938499 0.5488704 1.0797492 1.7523148 0.4257608 0.4257608 1.0041555 0.0468634 0.0239062 
NZ_GL877879.1.region006        0.4324948 0.4201925 0.1968679 0.5084752 0.5368345 0.3794733 0.0468634 0.0000000 0.4201925 0.5022274 0.5473074 1.0775402 1.7285783 0.4331003 0.4331003 1.0011807 0.0000010 0.0459381 
NZ_RBXX01000002.1.region007    0.2425809 0.0000010 0.4430553 0.5585753 0.6063310 0.1544243 0.4125860 0.4201925 0.0000000 0.5053856 0.5687747 1.1044286 1.6371458 0.0506859 0.0506859 1.0592389 0.4201925 0.4198310 
NZ_VIWX01000001.1.region007    0.5408893 0.5053856 0.5102369 0.1500880 0.2458477 0.4940711 0.4938499 0.5022274 0.5053856 0.0000000 0.2628784 1.1444917 1.7200879 0.5375481 0.5375481 1.1147198 0.5022274 0.4928839 
NZ_FOZX01000004.1.region002    0.6156242 0.5687747 0.5415932 0.2347963 0.2042056 0.5328415 0.5488704 0.5473074 0.5687747 0.2628784 0.0000000 1.2221208 1.9545510 0.5905038 0.5905038 1.2285982 0.5473074 0.5501800 
NZ_JADDUE010000010.1.region001 1.1119138 1.1044286 1.1867996 1.1166775 1.1787509 1.1408665 1.0797492 1.0775402 1.1044286 1.1444917 1.2221208 0.0000000 1.5975208 1.0987640 1.0987640 0.5149153 1.0775402 1.0698242 
NC_000962.3.region003          1.5549939 1.6371458 1.6936317 1.7461114 1.7998303 1.6518873 1.7523148 1.7285783 1.6371458 1.7200879 1.9545510 1.5975208 0.0000000 1.6197838 1.6197838 1.7220879 1.7285783 1.7443840 
NZ_FNVB01000002.1.region005    0.2496933 0.0506859 0.4630857 0.5525317 0.6052790 0.1806383 0.4257608 0.4331003 0.0506859 0.5375481 0.5905038 1.0987640 1.6197838 0.0000000 0.0000010 1.0517606 0.4331003 0.4330864 
NZ_FOME01000001.1.region002    0.2496933 0.0506859 0.4630857 0.5525317 0.6052790 0.1806383 0.4257608 0.4331003 0.0506859 0.5375481 0.5905038 1.0987640 1.6197838 0.0000010 0.0000000 1.0517606 0.4331003 0.4330864 
NZ_CP059556.1.region007        1.0702781 1.0592389 1.0510058 1.1128263 1.1470926 1.1027753 1.0041555 1.0011807 1.0592389 1.1147198 1.2285982 0.5149153 1.7220879 1.0517606 1.0517606 0.0000000 1.0011807 0.9968754 
NZ_CP061007.1.region011        0.4324948 0.4201925 0.1968679 0.5084752 0.5368345 0.3794733 0.0468634 0.0000010 0.4201925 0.5022274 0.5473074 1.0775402 1.7285783 0.4331003 0.4331003 1.0011807 0.0000000 0.0459381 
NZ_CP031142.1.region031        0.4346995 0.4198310 0.1933687 0.4964716 0.5464314 0.3782649 0.0239062 0.0459381 0.4198310 0.4928839 0.5501800 1.0698242 1.7443840 0.4330864 0.4330864 0.9968754 0.0459381 0.0000000 
