18
NC_000962.3.region003          0.0000000 1.6527533 1.7453369 1.7470756 1.6206269 1.6945294 1.7295125 1.7230245 1.7210354 1.6206269 1.7532744 1.5557629 1.8008712 1.9557393 1.5983331 1.6380098 1.7295125 1.6380098 
NZ_VWPH01000016.1.region001    1.6527533 0.0000000 0.3783189 0.5126000 0.1806514 0.4098977 0.3795258 1.1031749 0.4941746 0.1806514 0.3705854 0.2141845 0.5399400 0.5329540 1.1412878 0.1544338 0.3795258 0.1544338 
NZ_CP031142.1.region031        1.7453369 0.3783189 0.0000000 0.4965609 0.4331536 0.1933798 0.0459391 0.9971997 0.4929735 0.4331536 0.0239066 0.4347789 0.5465381 0.5502914 1.0701966 0.4198939 0.0459391 0.4198939 
NZ_JAGPXE010000009.1.region001 1.7470756 0.5126000 0.4965609 0.0000000 0.5526489 0.4958639 0.5085646 1.1132231 0.1500971 0.5526489 0.5008280 0.5399372 0.2136070 0.2348205 1.1170802 0.5586933 0.5085646 0.5586933 
NZ_FOME01000001.1.region002    1.6206269 0.1806514 0.4331536 0.5526489 0.0000000 0.4631640 0.4331664 1.0521361 0.5376578 0.0000010 0.4258276 0.2497201 0.6054097 0.5906336 1.0991580 0.0506871 0.4331664 0.0506871 
NZ_JACHIW010000001.1.region012 1.6945294 0.4098977 0.1933798 0.4958639 0.4631640 0.0000000 0.1968783 1.0513601 0.5103336 0.4631640 0.2025095 0.4610497 0.5317939 0.5416990 1.1872425 0.4431285 0.1968783 0.4431285 
NZ_CP061007.1.region011        1.7295125 0.3795258 0.0459391 0.5085646 0.4331664 0.1968783 0.0000000 1.0015062 0.5023157 0.4331664 0.0468646 0.4325703 0.5369362 0.5474146 1.0779163 0.4202522 0.0000010 0.4202522 
NZ_CP059556.1.region007        1.7230245 1.1031749 0.9971997 1.1132231 1.0521361 1.0513601 1.0015062 0.0000000 1.1151156 1.0521361 1.0044865 1.0706464 1.1475075 1.2290757 0.5150238 1.0596132 1.0015062 1.0596132 
NZ_VIWX01000001.1.region007    1.7210354 0.4941746 0.4929735 0.1500971 0.5376578 0.5103336 0.5023157 1.1151156 0.0000000 0.5376578 0.4939393 0.5410059 0.2458756 0.2629046 1.1449040 0.5054844 0.5023157 0.5054844 
NZ_FNVB01000002.1.region005    1.6206269 0.1806514 0.4331536 0.5526489 0.0000010 0.4631640 0.4331664 1.0521361 0.5376578 0.0000000 0.4258276 0.2497201 0.6054097 0.5906336 1.0991580 0.0506871 0.4331664 0.0506871 
NZ_CP040605.1.region009        1.7532744 0.3705854 0.0239066 0.5008280 0.4258276 0.2025095 0.0468646 1.0044865 0.4939393 0.4258276 0.0000000 0.4292379 0.5366870 0.5489787 1.0801272 0.4126466 0.0468646 0.4126466 
NZ_JACCFJ010000001.1.region004 1.5557629 0.2141845 0.4347789 0.5399372 0.2497201 0.4610497 0.4325703 1.0706464 0.5410059 0.2497201 0.4292379 0.0000000 0.5730990 0.6157710 1.1123092 0.2426046 0.4325703 0.2426046 
NZ_RSAA01000007.1.region002    1.8008712 0.5399400 0.5465381 0.2136070 0.6054097 0.5317939 0.5369362 1.1475075 0.2458756 0.6054097 0.5366870 0.5730990 0.0000000 0.2042254 1.1791915 0.6064636 0.5369362 0.6064636 
NZ_FOZX01000004.1.region002    1.9557393 0.5329540 0.5502914 0.2348205 0.5906336 0.5416990 0.5474146 1.2290757 0.2629046 0.5906336 0.5489787 0.6157710 0.2042254 0.0000000 1.2225940 0.5688963 0.5474146 0.5688963 
NZ_JADDUE010000010.1.region001 1.5983331 1.1412878 1.0701966 1.1170802 1.0991580 1.1872425 1.0779163 0.5150238 1.1449040 1.0991580 1.0801272 1.1123092 1.1791915 1.2225940 0.0000000 1.1048259 1.0779163 1.1048259 
NZ_FOUP01000002.1.region003    1.6380098 0.1544338 0.4198939 0.5586933 0.0506871 0.4431285 0.4202522 1.0596132 0.5054844 0.0506871 0.4126466 0.2426046 0.6064636 0.5688963 1.1048259 0.0000000 0.4202522 0.0000010 
NZ_GL877879.1.region006        1.7295125 0.3795258 0.0459391 0.5085646 0.4331664 0.1968783 0.0000010 1.0015062 0.5023157 0.4331664 0.0468646 0.4325703 0.5369362 0.5474146 1.0779163 0.4202522 0.0000000 0.4202522 
NZ_RBXX01000002.1.region007    1.6380098 0.1544338 0.4198939 0.5586933 0.0506871 0.4431285 0.4202522 1.0596132 0.5054844 0.0506871 0.4126466 0.2426046 0.6064636 0.5688963 1.1048259 0.0000010 0.4202522 0.0000000 
